-241    1
-200    1
-191    1
-181    7
-180    3
-171    2
-170    5
-161    2
-160    6
-151    7
-150    16
-141    9
-140    6
-131    12
-130    9
-121    7
-120    32
-111    9
-110    49
-101    12
-100    90
-91     22
-90     117
-81     32
-80     223
-71     49
-70     180
-61     52
-60     428
-50     191
-40     231
-30     439
-20     655
-10     1149
10      1796
20      1085
30      534
40      205
50      162
60      697
61      74
70      335
71      120
80      341
81      65
90      156
91      32
100     122
101     16
110     41
111     9
120     36
121     13
130     14
131     12
140     7
141     15
150     23
151     7
160     8
161     9
171     4
180     3
181     1
191     1
200     1
201     1
211     1

average 0.7182
avg_win 4.0928
winrate 0.5946
expect  1.77158
gokou   0.0604
gokou_d 0.0156
