-240    1
-201    1
-191    1
-181    7
-180    3
-171    6
-170    1
-161    7
-160    1
-151    9
-150    14
-141    3
-140    12
-131    1
-130    20
-121    16
-120    23
-111    12
-110    46
-101    37
-100    65
-91     34
-90     105
-81     92
-80     163
-70     229
-60     480
-50     191
-40     231
-30     439
-20     655
-10     1149
10      1796
20      1085
30      534
40      205
50      162
60      771
70      455
80      228
81      178
90      119
91      69
100     59
101     79
110     30
111     20
120     35
121     14
130     19
131     7
140     19
141     3
150     14
151     16
160     9
161     8
170     2
171     2
180     3
181     1
191     1
200     1
201     1
211     1

average 0.7182
avg_win 4.0928
winrate 0.5946
expect  1.77158
gokou   0.0626
gokou_d 0.0174
