-241    1
-201    1
-190    1
-181    4
-180    6
-171    1
-170    6
-161    4
-160    4
-151    7
-150    16
-141    4
-140    11
-131    4
-130    17
-121    13
-120    26
-111    19
-110    39
-101    17
-100    85
-91     28
-90     111
-81     42
-80     213
-71     44
-70     185
-61     54
-60     426
-50     191
-40     231
-30     439
-20     655
-10     1149
10      1796
20      1085
30      534
40      205
50      162
60      697
61      74
70      332
71      123
80      350
81      56
90      139
91      49
100     116
101     22
110     43
111     7
120     33
121     16
130     20
131     6
140     14
141     8
150     19
151     11
160     9
161     8
170     4
180     1
181     3
190     1
201     2
210     1

average 0.7182
avg_win 4.0928
winrate 0.5946
expect  1.77158
gokou   0.0628
gokou_d 0.0142
