-280    1
-251    1
-241    1
-240    2
-231    3
-230    1
-221    2
-210    3
-201    3
-200    8
-191    4
-190    17
-181    11
-180    35
-171    15
-170    51
-161    19
-160    98
-151    51
-150    144
-140    172
-130    215
-120    369
-110    584
-100    995
-90     1402
-80     2435
-70     2172
-60     4691
-50     1804
-40     2500
-30     4264
-20     6618
-10     11380
10      18416
20      11102
30      5454
40      2277
50      1694
60      7659
70      3975
80      4292
90      1803
100     1205
110     503
120     411
130     330
140     257
150     170
151     132
160     91
161     36
170     50
171     14
180     14
181     7
190     9
200     5
201     1
210     3
211     8
220     4
221     2
230     3
240     1
241     1

average 0.72533
avg_win 4.03675
winrate 0.59929
expect  1.81011
gokou   0.00311
gokou_d 0.00091
