-241    1
-200    1
-190    1
-180    10
-171    1
-170    6
-161    1
-160    7
-151    7
-150    16
-141    4
-140    11
-131    8
-130    13
-121    4
-120    35
-111    8
-110    50
-101    10
-100    92
-91     16
-90     123
-81     27
-80     228
-71     39
-70     190
-61     49
-60     431
-51     67
-50     124
-40     231
-30     439
-20     655
-10     1149
10      1796
20      1085
30      534
40      205
50      77
51      85
60      682
61      89
70      366
71      89
80      368
81      38
90      175
91      13
100     128
101     10
110     36
111     14
120     30
121     19
130     17
131     9
140     16
141     6
150     27
151     3
160     17
170     4
180     3
181     1
190     1
200     2
210     1

average 0.7182
avg_win 4.0928
winrate 0.5946
expect  1.77158
gokou   0.0618
gokou_d 0.0134
