-240    1
-201    1
-191    1
-181    7
-180    3
-171    6
-170    1
-161    7
-160    1
-151    18
-150    5
-141    9
-140    6
-131    14
-130    7
-121    22
-120    17
-111    27
-110    31
-101    63
-100    39
-91     71
-90     68
-81     152
-80     103
-71     79
-70     150
-61     282
-60     198
-50     191
-40     231
-30     439
-20     655
-10     1149
10      1796
20      1085
30      534
40      205
50      162
60      345
61      426
70      336
71      119
80      160
81      246
90      92
91      96
100     48
101     90
110     18
111     32
120     19
121     30
130     6
131     20
140     7
141     15
150     5
151     25
160     3
161     14
171     4
180     2
181     2
191     1
201     2
211     1

average 0.7182
avg_win 4.0928
winrate 0.5946
expect  1.77158
gokou   0.1882
gokou_d 0.0364
