-240    1
-200    1
-190    1
-181    5
-180    5
-171    5
-170    2
-161    4
-160    4
-151    8
-150    15
-141    1
-140    14
-131    1
-130    20
-121    11
-120    28
-111    3
-110    55
-101    18
-100    84
-90     139
-80     255
-70     229
-60     480
-50     191
-40     231
-30     439
-20     655
-10     1149
10      1796
20      1085
30      534
40      205
50      162
60      771
70      455
80      406
90      188
100     85
101     53
110     38
111     12
120     42
121     7
130     23
131     3
140     22
150     16
151     14
160     13
161     4
170     3
171     1
180     3
181     1
191     1
200     1
201     1
211     1

average 0.7182
avg_win 4.0928
winrate 0.5946
expect  1.77158
gokou   0.0154
gokou_d 0.0042
